At time 1762936924.604789043
- Translation: [-0.298, 0.571, 0.016]
- Rotation: in Quaternion (xyzw) [0.010, 0.004, 0.716, 0.698]
- Rotation: in RPY (radian) [0.020, -0.009, 1.597]
- Rotation: in RPY (degree) [1.145, -0.490, 91.510]
- Matrix:
 -0.026 -0.999  0.020 -0.298
  1.000 -0.027 -0.008  0.571
  0.009  0.020  1.000  0.016
  0.000  0.000  0.000  1.000
At time 1762936925.570760840
- Translation: [-0.298, 0.570, 0.015]
- Rotation: in Quaternion (xyzw) [0.009, 0.004, 0.716, 0.698]
- Rotation: in RPY (radian) [0.017, -0.008, 1.597]
- Rotation: in RPY (degree) [0.998, -0.441, 91.516]
- Matrix:
 -0.026 -0.999  0.018 -0.298
  1.000 -0.027 -0.007  0.570
  0.008  0.017  1.000  0.015
  0.000  0.000  0.000  1.000
At time 1762936926.586749156
- Translation: [-0.298, 0.571, 0.015]
- Rotation: in Quaternion (xyzw) [0.009, 0.004, 0.716, 0.698]
- Rotation: in RPY (radian) [0.018, -0.008, 1.597]
- Rotation: in RPY (degree) [1.040, -0.443, 91.503]
- Matrix:
 -0.026 -0.999  0.018 -0.298
  1.000 -0.026 -0.007  0.571
  0.008  0.018  1.000  0.015
  0.000  0.000  0.000  1.000
